[
    {
        "color": "blue",
        "data": [
            0.22014500865809805,
            0.1124047082216725,
            0.19953835978835974,
            0.17285553627658895,
            0.14627693481228832,
            0.0188592772967773,
            0.12399034223524023,
            0.06186938322620141,
            0.11621382396892604,
            0.1730456700545036,
            0.048537783768810544,
            0.07935486769928259,
            0.11672063964474681,
            0.06997744459418988,
            0.18829493346777063,
            0.10380208881119961,
            0.10534967933301266,
            0.011376984126984133,
            0.08723820390161537,
            0.218590370491297,
            0.11061528046830554,
            0.14897197420634922,
            0.07331359873698584,
            0.09974845812302408,
            0.17618764074729984,
            0.10905632203355071,
            0.1721426687152134,
            0.04879228080120938,
            0.1408589832406962,
            0.125134226414562,
            0.0664701336132096,
            0.14392689806507136,
            0.06518308080808081,
            0.14580940170535658,
            0.16787513632358445,
            0.037195225583383486,
            0.17650247156943588,
            0.13197948307479557,
            0.12619652744374968,
            0.1640543488147655,
            0.11752705627705629,
            0.2325667388167388,
            0.14081679894179894,
            0.10384373971652733,
            0.18975366945063915,
            0.06155089761361166,
            0.0472299430893181,
            0.08106932997557996,
            0.14071580327640934,
            0.1483772481603364,
            0.09633382875155835,
            0.07652012951645307,
            0.12776847718253967,
            0.06748328689964722,
            0.09065132940283906,
            -0.20454545454545456,
            0.14393939393939395,
            0.10414288633640348,
            0.14428275097917956,
            0.14290071288756806,
            0.1635942593928705,
            0.1455233003297076,
            -0.02628968253968257,
            0.08636106112762737,
            0.1483990902461736,
            0.09848955271408974,
            0.13447197116185614,
            0.1141493245937035,
            0.12154045335605558,
            0.14040821580799479,
            0.1380047164769387,
            0.11142888030347674,
            0.1462176638142756,
            0.1296908064499693,
            0.16559151192374874,
            0.19747635776921493,
            0.17052102298951238,
            0.08430555555555554,
            0,
            0.09963012822294465,
            0.11820239415291495,
            0.1710407647907648,
            0.13910174862901833,
            0.09747673600599736,
            0.19957893839443558,
            0.10142440070769566,
            0.10126087881944527,
            0.127584758730592,
            0.13136882900814892,
            0.1325868576299013,
            0.11249999999999999,
            0.12903268514419086,
            0.11291087962962963,
            0.1244324682379483,
            0.10260728579180958,
            0.1453124313623357,
            0.12757936507936507,
            0.1527061441030061,
            0.36347789115646256,
            0.16368911406586237,
            0.2477991896614345,
            0.21910523349926161,
            0.19987602439965876,
            0.1504608762696998,
            0.1999702380952381,
            0.18929702061537998,
            0,
            0.21782758494812066,
            0,
            0.16173583978209466
        ],
        "name": "alliance"
    },
    {
        "color": "red",
        "data": [
            0.20463685370125953,
            0.09917608433233432,
            0.17747100122100123,
            0.14265137028121944,
            0.17065185051573944,
            0.008702924810879349,
            0.09599366682700015,
            0.11702048599548598,
            0.11177019272962259,
            0.14863686566808826,
            0.05809024664158593,
            0.013442203901762722,
            0.108030330638749,
            0.12431664621672339,
            0.1874106208055613,
            0.11949879835772691,
            0.10534967933301266,
            -0.05967067382508559,
            0.12332291212892628,
            0.24882008619639823,
            0.14695373315271273,
            0.19832719198790624,
            0.0937239532301261,
            0.10260606801967097,
            0.17218669377760285,
            0.09403285243563023,
            0.16106641099200625,
            0.06201318027210885,
            0.12564128881901518,
            0.10839676025597192,
            0.07140741946146535,
            0.14694594971827116,
            0.03701231060606062,
            0.12599614661097,
            0.16044565613384407,
            0.028338936526436532,
            0.1630779302198573,
            0.11612784699934489,
            0.12804334199345163,
            0.1640543488147655,
            0.11752705627705629,
            0.23162274121080936,
            0.13240664700223523,
            0.11726616553640364,
            0.19226091446679683,
            0.060788231921044426,
            0.058886522607452835,
            0.06218342545351473,
            0.1383835929994894,
            0.1329616490762324,
            0.09808517644535689,
            0.08313085063085064,
            0.12776847718253967,
            0.07400478963987031,
            0.09889896914152867,
            -0.20454545454545456,
            0.14393939393939395,
            0.08520508649954489,
            0.22917428250761582,
            0.15981871642937054,
            0.14564267113095236,
            0.14223829343320635,
            -0.02628968253968257,
            0.0989464319117097,
            0.14748640647398661,
            0.05242457168052406,
            0.13434368947475678,
            0.11517994744668282,
            0.11478912701651278,
            0.14040821580799479,
            0.14932556937364627,
            0.11142888030347674,
            0.12622865051276222,
            0.12969080644996933,
            0.16559151192374874,
            0.19747635776921493,
            0.17107094841244955,
            0.08135599415204678,
            0,
            0.10046794738100549,
            0.11936617144242542,
            0.1918948412698413,
            0.13367888506480585,
            0.09458395457079204,
            0.1971682718666254,
            0.10359368713181726,
            0.10619956292111468,
            0.127584758730592,
            0.13136882900814892,
            0.13315998744923285,
            0.32222222222222224,
            0.20558387513443696,
            0.10348156893611438,
            0.142263343638988,
            0.10715338593930547,
            0.13763700114442845,
            0.3162037037037037,
            0.15066424498232464,
            0.33996598639455783,
            0.18029751560207338,
            0.2477991896614345,
            0.21910523349926161,
            0.19987602439965876,
            0.1504608762696998,
            0.1999702380952381,
            0.18929702061537998,
            0,
            0.21782758494812066,
            0,
            0.16189795278589406
        ],
        "name": "horde"
    }
]